2 72 1492
8 9 10 10 12 6 0 0 0 0
4 1
7 8 1 2
4
1
1
Ville 1 :0 1 2 3 4 5 6 7
Ville 2 :8 9 10 11 12 13 14 15
Ville 3 :16 17 18 19 20 21 22 23
Ville 4 :24 25 26 27 28 29 30 31
Ville 5 :32 33 34 35 36 37 38 39
Ville 6 :40 41 42 43 44 45 46 47
Ville 7 :48 49 50 51 52 53 54 55
Ville 8 :56 57 58 59 60 61 62 63
Ville 9 :64 65 66 67 68 69 70 71
Ville 10 : 72
0 10.629 9.326 0.0 0.0 0 1000
1 5.0 5.0 10.0 85.0 300 600 50 1 1 0 0 0 0 0 0 0 0 0
2 -92.1 -59.18 8.0 95.0 397 571 86 1 0 0 0 0 1 0 0 0 0 1
3 10.0 20.0 12.0 75.0 400 700 30 2 0 1 0 0 0 0 1 0 0 0
4 -10.0 -20.0 15.0 90.0 350 550 40 3 0 0 1 0 0 0 0 0 1 0
5 30.0 -40.0 10.0 80.0 420 620 60 4 1 0 0 1 0 0 0 0 0 0
6 -30.0 40.0 8.0 120.0 380 580 70 5 0 0 0 0 1 1 0 0 0 0
7 50.0 50.0 14.0 110.0 450 650 20 6 1 1 0 0 0 0 0 1 0 0
8 -50.0 -50.0 16.0 130.0 410 610 90 7 0 0 1 1 0 0 1 0 0 0
9 70.0 10.0 20.0 92.0 390 590 15 8 0 1 0 0 1 0 0 0 1 1
10 10.0 70.0 18.0 98.0 430 630 45 9 1 0 1 0 0 1 0 0 0 0
11 -10.0 80.0 12.0 84.0 400 600 35 1 0 0 0 1 0 0 1 0 1 0
12 80.0 -10.0 15.0 120.0 410 610 55 2 0 1 0 0 1 0 0 1 0 0
13 -80.0 20.0 10.0 88.0 420 620 25 3 1 0 0 0 0 1 0 0 0 1
14 20.0 -80.0 8.0 122.0 380 580 65 4 0 0 1 1 0 0 0 0 1 0
15 -20.0 90.0 14.0 125.0 450 650 30 5 0 1 0 0 0 1 0 1 0 0
16 90.0 30.0 16.0 130.0 410 610 80 6 1 1 0 0 1 0 0 0 0 0
17 30.0 90.0 20.0 112.0 390 590 20 7 0 0 0 1 0 0 1 0 0 1
18 40.0 40.0 18.0 128.0 430 630 50 8 0 1 1 0 0 1 0 0 1 0
19 -40.0 -40.0 12.0 114.0 400 600 40 9 1 0 0 0 1 0 0 1 0 0
20 60.0 60.0 15.0 120.0 410 610 60 1 0 1 0 1 0 0 1 0 0 0
21 -60.0 60.0 10.0 118.0 420 620 30 2 0 0 1 0 0 1 0 0 1 1
22 60.0 -60.0 8.0 122.0 380 580 70 3 1 0 0 0 1 0 0 0 0 0
23 -60.0 -60.0 14.0 125.0 450 650 35 4 0 1 0 1 0 0 1 0 1 0
24 15.0 15.0 16.0 130.0 410 610 85 5 1 1 1 0 0 0 0 0 0 1
25 -15.0 15.0 20.0 112.0 390 590 25 6 0 0 0 0 1 1 0 1 0 0
26 15.0 -15.0 18.0 128.0 430 630 55 7 1 0 0 1 0 0 0 0 1 0
27 -15.0 -15.0 12.0 114.0 400 600 45 8 0 1 1 0 0 1 0 0 0 1
28 25.0 25.0 15.0 120.0 410 610 65 9 1 0 0 0 1 0 0 1 0 0
29 -25.0 25.0 10.0 118.0 420 620 35 1 0 1 0 1 0 0 1 0 1 1
30 25.0 -25.0 8.0 122.0 380 580 75 2 1 0 0 0 1 1 0 0 0 0
31 -25.0 -25.0 14.0 125.0 450 650 40 3 0 1 1 0 0 0 0 0 1 0
32 35.0 35.0 16.0 130.0 410 610 95 4 1 1 0 0 0 0 1 0 0 0
33 -35.0 35.0 20.0 112.0 390 590 30 5 0 0 1 0 1 0 0 1 0 1
34 35.0 -35.0 18.0 128.0 430 630 60 6 1 0 0 1 0 0 0 0 1 0
35 -35.0 -35.0 12.0 114.0 400 600 50 7 0 1 1 0 0 1 0 0 0 1
36 45.0 45.0 15.0 120.0 410 610 70 8 1 0 0 0 1 0 0 1 0 0
37 -45.0 45.0 10.0 118.0 420 620 40 9 0 1 0 1 0 0 1 0 1 1
38 45.0 -45.0 8.0 122.0 380 580 80 1 1 0 0 0 1 1 0 0 0 0
39 -45.0 -45.0 14.0 125.0 450 650 45 2 0 1 1 0 0 0 0 0 1 0
40 55.0 55.0 16.0 130.0 410 610 100 3 1 1 0 0 0 0 1 0 0 0
41 -55.0 55.0 20.0 112.0 390 590 35 4 0 0 1 0 1 0 0 1 0 1
42 55.0 -55.0 18.0 128.0 430 630 65 5 1 0 0 1 0 0 0 0 1 0
43 -55.0 -55.0 12.0 114.0 400 600 55 6 0 1 1 0 0 1 0 0 0 1
44 65.0 65.0 15.0 120.0 410 610 75 7 1 0 0 0 1 0 0 1 0 0
45 -65.0 65.0 10.0 118.0 420 620 45 8 0 1 0 1 0 0 1 0 1 1
46 65.0 -65.0 8.0 122.0 380 580 85 9 1 0 0 0 1 1 0 0 0 0
47 -65.0 -65.0 14.0 125.0 450 650 50 1 0 1 1 0 0 0 0 0 1 0
48 75.0 75.0 16.0 130.0 410 610 105 2 1 1 0 0 0 0 1 0 0 0
49 -75.0 75.0 20.0 112.0 390 590 40 3 0 0 1 0 1 0 0 1 0 1
50 75.0 -75.0 18.0 128.0 430 630 70 4 1 0 0 1 0 0 0 0 1 0
51 -75.0 -75.0 12.0 114.0 400 600 60 5 0 1 1 0 0 1 0 0 0 1
52 85.0 85.0 15.0 120.0 410 610 80 6 1 0 0 0 1 0 0 1 0 0
53 -85.0 85.0 10.0 118.0 420 620 50 7 0 1 0 1 0 0 1 0 1 1
54 85.0 -85.0 8.0 122.0 380 580 90 8 1 0 0 0 1 1 0 0 0 0
55 -85.0 -85.0 14.0 125.0 450 650 55 9 0 1 1 0 0 0 0 0 1 0
56 95.0 95.0 16.0 130.0 410 610 110 1 1 1 0 0 0 0 1 0 0 0
57 -95.0 95.0 20.0 112.0 390 590 45 2 0 0 1 0 1 0 0 1 0 1
58 95.0 -95.0 18.0 128.0 430 630 75 3 1 0 0 1 0 0 0 0 1 0
59 -95.0 -95.0 12.0 114.0 400 600 65 4 0 1 1 0 0 1 0 0 0 1
60 5.0 95.0 15.0 120.0 410 610 85 5 1 0 0 0 1 0 0 1 0 0
61 -5.0 95.0 10.0 118.0 420 620 55 6 0 1 0 1 0 0 1 0 1 1
62 5.0 -95.0 8.0 122.0 380 580 95 7 1 0 0 0 1 1 0 0 0 0
63 -5.0 -95.0 14.0 125.0 450 650 60 8 0 1 1 0 0 0 0 0 1 0
64 95.0 5.0 16.0 130.0 410 610 115 9 1 1 0 0 0 0 1 0 0 0
65 -95.0 5.0 20.0 112.0 390 590 50 1 0 0 1 0 1 0 0 1 0 1
66 95.0 -5.0 18.0 128.0 430 630 80 2 1 0 0 1 0 0 0 0 1 0
67 -95.0 -5.0 12.0 114.0 400 600 70 3 0 1 1 0 0 1 0 0 0 1
68 15.0 95.0 15.0 120.0 410 610 90 4 1 0 0 0 1 0 0 1 0 0
69 -15.0 95.0 10.0 118.0 420 620 60 5 0 1 0 1 0 0 1 0 1 1
70 15.0 -95.0 8.0 122.0 380 580 100 6 1 0 0 0 1 1 0 0 0 0
71 -15.0 -95.0 14.0 125.0 450 650 65 7 0 1 1 0 0 0 0 0 1 0
72 95.0 15.0 16.0 130.0 410 610 120 8 1 1 0 0 0 0 1 0 0 0